# dcut planecut  dE[eV]  Strainx100  icrit  rc[A]  yc[A]  nbatminx yboxlen[A] dErlx2[eV] ycrlx[A] rcut2[A] nu50Krlx2[/s] nu300Krlx2[/s] nu1000Krlx2[/s] {lognu50Krlx2} {lognu300Krlx2} {lognu1000Krlx2}
0.01 0 0.355000 111 14 10.103 -2.61582015380000000000 1 73.0556063207 0.355000 2 10.103 7.062480489996677e-24 4.652153471494928e+06 6.954590796853629e+10 -2.315104273890326e+01 6.667654033383144e+00 1.084227158150324e+01
0.01 2 0.354000 111 14 10.102 -2.61592448360000000000 1 73.0553079649 0.354000 2 10.102 8.840999887075636e-24 4.799564455366520e+06 6.983286989472708e+10 -2.305349861497757e+01 6.681201828372824e+00 1.084405989044188e+01
0.01 4 0.357000 111 14 7.7504 -3.74966268550000000000 2 73.0551052243 1.5 2 NaN 1.448556256278469e-135 1.430305373367239e-09 6.232436276575472e+08 -1.348390646338279e+02 -8.844571229800838e+00 8.794657846762956e+00
0.01 6 0.329000 111 15 7.7503 -3.74958104580000000000 2 73.0549937289 1.5 2 NaN 1.448556256278469e-135 1.430305373367239e-09 6.232436276575472e+08 -1.348390646338279e+02 -8.844571229800838e+00 8.794657846762956e+00
0.01 8 0.819000 111 16 6.7548 -27.77527407090000000000 6 73.0624561254 1.5 12 NaN 1.448556256278469e-135 1.430305373367239e-09 6.232436276575472e+08 -1.348390646338279e+02 -8.844571229800838e+00 8.794657846762956e+00
0.01 10 0.816000 111 16 6.7529 -29.96146631340000000000 6 73.0588242991 1.5 14 NaN 1.448556256278469e-135 1.430305373367239e-09 6.232436276575472e+08 -1.348390646338279e+02 -8.844571229800838e+00 8.794657846762956e+00
0.01 12 0.811000 111 16 6.7531 -32.14684776690000000000 6 73.0556270302 1.5 14 NaN 1.448556256278469e-135 1.430305373367239e-09 6.232436276575472e+08 -1.348390646338279e+02 -8.844571229800838e+00 8.794657846762956e+00
0.01 14 0.810000 111 16 6.7484 -34.33649034260000000000 6 73.0531512356 1.5 16 NaN 1.448556256278469e-135 1.430305373367239e-09 6.232436276575472e+08 -1.348390646338279e+02 -8.844571229800838e+00 8.794657846762956e+00
0.01 16 0.810000 111 16 6.6760 -35.43182993530000000000 7 73.0523650373 0.810000 16 6.6760 2.926717975190055e-68 3.187185295538720e+00 1.068048598380241e+10 -6.753361912509605e+01 5.034073130785932e-01 1.002859101442304e+01
0.01 18 0.810000 111 16 6.6760 -37.62053510200001 7 73.0523650373 0.810000 16 6.6760 2.926717975190055e-68 3.187185295538720e+00 1.068048598380241e+10 -6.753361912509605e+01 5.034073130785932e-01 1.002859101442304e+01
0.01 20 0.810000 111 16 6.7484 -38.71666089300000 6 73.0531512356 1.5 16 NaN 1.448556256278469e-135 1.430305373367239e-09 6.232436276575472e+08 -1.348390646338279e+02 -8.844571229800838e+00 8.794657846762956e+00
0.01 22 0.811000 111 16 6.7531 -40.90877926330000 6 73.0556270302 1.5 14 NaN 1.448556256278469e-135 1.430305373367239e-09 6.232436276575472e+08 -1.348390646338279e+02 -8.844571229800838e+00 8.794657846762956e+00
0.01 24 0.816000 111 16 6.7529 -43.09735798570000 6 73.0588242991 1.5 14 NaN 1.448556256278469e-135 1.430305373367239e-09 6.232436276575472e+08 -1.348390646338279e+02 -8.844571229800838e+00 8.794657846762956e+00
0.01 26 0.819000 111 16 6.7548 -45.28718205450001 6 73.0624561254 1.5 12 NaN 1.448556256278469e-135 1.430305373367239e-09 6.232436276575472e+08 -1.348390646338279e+02 -8.844571229800838e+00 8.794657846762956e+00
0.01 28 0.329000 111 15 7.7503 -69.30541268310000 2 73.0549937289 1.5 2 NaN 1.448556256278469e-135 1.430305373367239e-09 6.232436276575472e+08 -1.348390646338279e+02 -8.844571229800838e+00 8.794657846762956e+00
0.01 30 0.357000 111 14 7.7504 -69.30544253879999 2 73.0551052243 1.5 2 NaN 1.448556256278469e-135 1.430305373367239e-09 6.232436276575472e+08 -1.348390646338279e+02 -8.844571229800838e+00 8.794657846762956e+00
0.01 32 0.354000 111 14 10.102 -70.43938348130000 1 73.0553079649 0.354000 2 10.102 8.840999887075636e-24 4.799564455366520e+06 6.983286989472708e+10 -2.305349861497757e+01 6.681201828372824e+00 1.084405989044188e+01
0.01 34 0.355000 111 14 10.103 -70.43978616689999 1 73.0556063207 0.355000 2 10.103 7.062480489996677e-24 4.652153471494928e+06 6.954590796853629e+10 -2.315104273890326e+01 6.667654033383144e+00 1.084227158150324e+01
 
0.10 0 0.811000 111 14 12.370 -2.44553599930000000000 1 73.0553122130 0.811000 2 12.370 2.337958247202149e-68 3.089295971504075e+00 1.063659701238842e+10 -6.763116324902175e+01 4.898595180889103e-01 1.002680270548440e+01
0.10 2 0.809000 111 14 12.370 -2.44559902870000000000 1 73.0550060956 0.809000 2 12.370 3.663742975970993e-68 3.288176400642022e+00 1.072455605090042e+10 -6.743607500117035e+01 5.169551080682731e-01 1.003037932336168e+01
0.10 4 0.874000 111 14 6.6905 -9.16221855360000000000 3 73.0550501278 0.874000 4 6.6905 1.673235012610446e-74 4.328609753988868e-01 8.206146054449055e+09 -7.377644305634074e+01 -3.636515662609493e-01 9.914139242350222e+00
0.10 6 0.873000 111 14 6.6906 -9.16216773910000000000 3 73.0549051097 1.5 4 NaN 1.448556256278469e-135 1.430305373367239e-09 6.232436276575472e+08 -1.348390646338279e+02 -8.844571229800838e+00 8.794657846762956e+00
0.10 8 0.878000 111 13 6.6907 -9.16216669340000000000 3 73.0548597666 1.5 4 NaN 1.448556256278469e-135 1.430305373367239e-09 6.232436276575472e+08 -1.348390646338279e+02 -8.844571229800838e+00 8.794657846762956e+00
0.10 10 0.871000 111 15 6.6929 -9.16384844900000000000 3 73.0618582988 1.5 4 NaN 1.448556256278469e-135 1.430305373367239e-09 6.232436276575472e+08 -1.348390646338279e+02 -8.844571229800838e+00 8.794657846762956e+00
0.10 12 1.105000 111 15 7.9586 -25.56405778420000000000 4 73.0534004776 1.105000 12 7.9586 4.907545296578920e-97 3.212238560142449e-04 3.169858510509435e+09 -9.630913568317706e+01 -3.493192208877107e+00 9.501039877524889e+00
0.10 14 1.106000 111 15 8.0868 -29.94941379410000000000 4 73.0529163583 1.106000 14 8.0868 3.920308036823877e-97 3.113579764957093e-04 3.156832714701537e+09 -9.640667980710279e+01 -3.506740003866788e+00 9.499251568586251e+00
0.10 16 1.103000 111 15 8.0746 -34.33367429930000000000 4 73.0525542337 1.103000 16 8.0746 7.690464374681313e-97 3.419033697036877e-04 3.196071565914163e+09 -9.611404743532567e+01 -3.466096618897744e+00 9.504616495402164e+00
0.10 18 1.103000 111 15 8.0746 -38.71887993439999 4 73.0525542337 1.103000 16 8.0746 7.690464374681313e-97 3.419033697036877e-04 3.196071565914163e+09 -9.611404743532567e+01 -3.466096618897744e+00 9.504616495402164e+00
0.10 20 1.106000 111 15 8.0868 -43.10350256420000 4 73.0529163583 1.106000 14 8.0868 3.920308036823877e-97 3.113579764957093e-04 3.156832714701537e+09 -9.640667980710279e+01 -3.506740003866788e+00 9.499251568586251e+00
0.10 22 1.105000 111 15 7.9586 -47.48934269339999 4 73.0534004776 1.105000 12 7.9586 4.907545296578920e-97 3.212238560142449e-04 3.169858510509435e+09 -9.630913568317706e+01 -3.493192208877107e+00 9.501039877524889e+00
0.10 24 0.871000 111 15 6.6929 -63.89800984980000 3 73.0618582988 1.5 4 NaN 1.448556256278469e-135 1.430305373367239e-09 6.232436276575472e+08 -1.348390646338279e+02 -8.844571229800838e+00 8.794657846762956e+00
0.10 26 0.878000 111 13 6.6907 -63.89269307320001 3 73.0548597666 1.5 4 NaN 1.448556256278469e-135 1.430305373367239e-09 6.232436276575472e+08 -1.348390646338279e+02 -8.844571229800838e+00 8.794657846762956e+00
0.10 28 0.873000 111 14 6.6906 -63.89273737060000 3 73.0549051097 1.5 4 NaN 1.448556256278469e-135 1.430305373367239e-09 6.232436276575472e+08 -1.348390646338279e+02 -8.844571229800838e+00 8.794657846762956e+00
0.10 30 0.874000 111 14 6.6905 -63.89283157420000 3 73.0550501278 0.874000 4 6.6905 1.673235012610446e-74 4.328609753988868e-01 8.206146054449055e+09 -7.377644305634074e+01 -3.636515662609493e-01 9.914139242350222e+00
0.10 32 0.809000 111 14 12.370 -70.60940706690000 1 73.0550060956 0.809000 2 12.370 3.663742975970993e-68 3.288176400642022e+00 1.072455605090042e+10 -6.743607500117035e+01 5.169551080682731e-01 1.003037932336168e+01
0.10 34 0.811000 111 14 12.370 -70.60977621370000 1 73.0553122130 0.811000 2 12.370 2.337958247202149e-68 3.089295971504075e+00 1.063659701238842e+10 -6.763116324902175e+01 4.898595180889103e-01 1.002680270548440e+01
 
0.25 0 0.804000 111 13 7.4768 -4.69729843410000000000 4 73.0642490903 0.804000 2 7.4768 1.126278045370461e-67 3.843209710289370e+00 1.094764908327480e+10 -6.694835438154186e+01 5.846940830166723e-01 1.003932086805487e+01
0.25 2 0.802000 111 13 7.4513 -4.69916947780000000000 4 73.0640584059 0.802000 2 7.4513 1.764955932234653e-67 4.090625044883336e+00 1.103818035809983e+10 -6.675326613369046e+01 6.117896729960349e-01 1.004289748593214e+01
0.25 4 0.974000 111 14 7.3062 -15.65771419410000000000 9 73.0563208056 1.5 8 NaN 1.448556256278469e-135 1.430305373367239e-09 6.232436276575472e+08 -1.348390646338279e+02 -8.844571229800838e+00 8.794657846762956e+00
0.25 6 0.978000 111 14 7.3064 -15.65782015500000000000 9 73.0561487094 1.5 8 NaN 1.448556256278469e-135 1.430305373367239e-09 6.232436276575472e+08 -1.348390646338279e+02 -8.844571229800838e+00 8.794657846762956e+00
0.25 8 0.977000 111 14 7.3073 -15.65821951120000000000 9 73.0562438112 0.977000 8 7.3073 1.501454511808471e-84 1.741508304661231e-02 5.369618383484931e+09 -8.382348782068766e+01 -1.759074450198023e+00 9.729943421670528e+00
0.25 10 0.980000 111 14 8.2077 -15.64309813330000000000 1 73.0574601416 1.5 8 NaN 1.448556256278469e-135 1.430305373367239e-09 6.232436276575472e+08 -1.348390646338279e+02 -8.844571229800838e+00 8.794657846762956e+00
0.25 12 0.980000 111 14 8.2734 -16.74837604990000000000 2 73.0632804404 1.5 8 NaN 1.448556256278469e-135 1.430305373367239e-09 6.232436276575472e+08 -1.348390646338279e+02 -8.844571229800838e+00 8.794657846762956e+00
0.25 14 0.991000 111 14 8.3962 -17.85367600130000000000 1 73.0653562093 1.5 8 NaN 1.448556256278469e-135 1.430305373367239e-09 6.232436276575472e+08 -1.348390646338279e+02 -8.844571229800838e+00 8.794657846762956e+00
0.25 16 1.111000 111 14 8.2703 -33.23418354200000000000 3 73.0536058848 1.111000 16 8.2703 1.275262453405329e-97 2.663919035497429e-04 3.092502247250097e+09 -9.689440042673125e+01 -3.574478978815189e+00 9.490310023893063e+00
0.25 18 1.111000 111 14 8.2703 -39.81942234280001 3 73.0536058848 1.111000 16 8.2703 1.275262453405329e-97 2.663919035497429e-04 3.092502247250097e+09 -9.689440042673125e+01 -3.574478978815189e+00 9.490310023893063e+00
0.25 20 0.991000 111 14 8.3962 -55.21168020800000 1 73.0653562093 1.5 8 NaN 1.448556256278469e-135 1.430305373367239e-09 6.232436276575472e+08 -1.348390646338279e+02 -8.844571229800838e+00 8.794657846762956e+00
0.25 22 0.980000 111 14 8.2734 -56.31490439050000 2 73.0632804404 1.5 8 NaN 1.448556256278469e-135 1.430305373367239e-09 6.232436276575472e+08 -1.348390646338279e+02 -8.844571229800838e+00 8.794657846762956e+00
0.25 24 0.980000 111 14 8.2077 -57.41436200830000 1 73.0574601416 1.5 8 NaN 1.448556256278469e-135 1.430305373367239e-09 6.232436276575472e+08 -1.348390646338279e+02 -8.844571229800838e+00 8.794657846762956e+00
0.25 26 0.977000 111 14 7.3073 -57.39802430000000 9 73.0562438112 0.977000 8 7.3073 1.501454511808471e-84 1.741508304661231e-02 5.369618383484931e+09 -8.382348782068766e+01 -1.759074450198023e+00 9.729943421670528e+00
0.25 28 0.978000 111 14 7.3064 -57.39832855440001 9 73.0561487094 1.5 8 NaN 1.448556256278469e-135 1.430305373367239e-09 6.232436276575472e+08 -1.348390646338279e+02 -8.844571229800838e+00 8.794657846762956e+00
0.25 30 0.974000 111 14 7.3062 -57.39860661149999 9 73.0563208056 1.5 8 NaN 1.448556256278469e-135 1.430305373367239e-09 6.232436276575472e+08 -1.348390646338279e+02 -8.844571229800838e+00 8.794657846762956e+00
0.25 32 0.802000 111 13 7.4513 -68.36488892810000 4 73.0640584059 0.802000 2 7.4513 1.764955932234653e-67 4.090625044883336e+00 1.103818035809983e+10 -6.675326613369046e+01 6.117896729960349e-01 1.004289748593214e+01
0.25 34 0.804000 111 13 7.4768 -68.36695065620000 4 73.0642490903 0.804000 2 7.4768 1.126278045370461e-67 3.843209710289370e+00 1.094764908327480e+10 -6.694835438154186e+01 5.846940830166723e-01 1.003932086805487e+01
 
0.5 0 1.123000 111 14 9.0633 -3.49716283940000000000 2 73.0534626397 1.123000 2 9.0633 8.611327100071631e-99 1.832092856264983e-04 2.943406988135971e+09 -9.806492991383965e+01 -3.737052518691353e+00 9.468850316629409e+00
0.5 2 1.123000 111 14 9.0633 -3.49743531520000000000 2 73.0531561679 1.123000 2 9.0633 8.611327100071631e-99 1.832092856264983e-04 2.943406988135971e+09 -9.806492991383965e+01 -3.737052518691353e+00 9.468850316629409e+00
0.5 4 1.119000 111 14 9.0635 -3.49745391460000000000 2 73.0529225507 1.5 2 NaN 1.448556256278469e-135 1.430305373367239e-09 6.232436276575472e+08 -1.348390646338279e+02 -8.844571229800838e+00 8.794657846762956e+00
0.5 6 1.030000 111 13 8.3164 -18.94678644080000000000 2 73.0573748983 1.5 8 NaN 1.448556256278469e-135 1.430305373367239e-09 6.232436276575472e+08 -1.348390646338279e+02 -8.844571229800838e+00 8.794657846762956e+00
0.5 8 1.028000 111 14 8.3141 -20.04339713790000000000 3 73.0569553274 1.5 10 NaN 1.448556256278469e-135 1.430305373367239e-09 6.232436276575472e+08 -1.348390646338279e+02 -8.844571229800838e+00 8.794657846762956e+00
0.5 10 1.024000 111 14 8.3011 -21.14755892870000000000 2 73.0566309872 1.024000 10 8.3011 3.907854224797940e-89 4.019566196698799e-03 4.424792420730499e+09 -8.840806164519550e+01 -2.395820814713000e+00 9.645892901554550e+00
0.5 12 1.027000 111 14 8.4376 -22.24568454080000000000 1 73.0572089462 1.5 10 NaN 1.448556256278469e-135 1.430305373367239e-09 6.232436276575472e+08 -1.348390646338279e+02 -8.844571229800838e+00 8.794657846762956e+00
0.5 14 1.040000 111 14 8.3465 -24.44661218970000000000 3 73.0607355605 1.5 12 NaN 1.448556256278469e-135 1.430305373367239e-09 6.232436276575472e+08 -1.348390646338279e+02 -8.844571229800838e+00 8.794657846762956e+00
0.5 16 1.090000 111 14 8.3536 -33.23348156810000000000 3 73.0545625887 1.090000 16 8.3536 1.425693520121666e-95 5.128905720810970e-04 3.371821003484519e+09 -9.484597382429159e+01 -3.289975284031902e+00 9.527864511604456e+00
0.5 18 1.090000 111 14 8.3536 -39.82108102060000 3 73.0545625887 1.090000 16 8.3536 1.425693520121666e-95 5.128905720810970e-04 3.371821003484519e+09 -9.484597382429159e+01 -3.289975284031902e+00 9.527864511604456e+00
0.5 20 1.040000 111 14 8.3465 -48.61412337080000 3 73.0607355605 1.5 12 NaN 1.448556256278469e-135 1.430305373367239e-09 6.232436276575472e+08 -1.348390646338279e+02 -8.844571229800838e+00 8.794657846762956e+00
0.5 22 1.027000 111 14 8.4376 -50.81152440540001 1 73.0572089462 1.5 10 NaN 1.448556256278469e-135 1.430305373367239e-09 6.232436276575472e+08 -1.348390646338279e+02 -8.844571229800838e+00 8.794657846762956e+00
0.5 24 1.024000 111 14 8.3011 -51.90907205849999 2 73.0566309872 1.024000 10 8.3011 3.907854224797940e-89 4.019566196698799e-03 4.424792420730499e+09 -8.840806164519550e+01 -2.395820814713000e+00 9.645892901554550e+00
0.5 26 1.028000 111 14 8.3141 -53.01355818950000 3 73.0569553274 1.5 10 NaN 1.448556256278469e-135 1.430305373367239e-09 6.232436276575472e+08 -1.348390646338279e+02 -8.844571229800838e+00 8.794657846762956e+00
0.5 28 1.030000 111 13 8.3164 -54.11058845750000 2 73.0573748983 1.5 8 NaN 1.448556256278469e-135 1.430305373367239e-09 6.232436276575472e+08 -1.348390646338279e+02 -8.844571229800838e+00 8.794657846762956e+00
0.5 30 1.119000 111 14 9.0635 -69.55546863610000 2 73.0529225507 1.5 2 NaN 1.448556256278469e-135 1.430305373367239e-09 6.232436276575472e+08 -1.348390646338279e+02 -8.844571229800838e+00 8.794657846762956e+00
0.5 32 1.123000 111 14 9.0633 -69.55572085270001 2 73.0531561679 1.123000 2 9.0633 8.611327100071631e-99 1.832092856264983e-04 2.943406988135971e+09 -9.806492991383965e+01 -3.737052518691353e+00 9.468850316629409e+00
0.5 34 1.123000 111 14 9.0633 -69.55629980030000 2 73.0534626397 1.123000 2 9.0633 8.611327100071631e-99 1.832092856264983e-04 2.943406988135971e+09 -9.806492991383965e+01 -3.737052518691353e+00 9.468850316629409e+00
 
0.75 0 0.842000 111 14 12.422 -2.42336959380000000000 1 73.0553227517 0.842000 2 12.422 2.212936281984750e-71 1.174567212127037e+00 9.361924370319304e+09 -7.065503109071838e+01 6.987787340882200e-02 9.971365128386632e+00
0.75 2 0.841000 111 14 12.422 -2.42366807210000000000 1 73.0550034087 0.841000 2 12.422 2.770212172174362e-71 1.211785268114197e+00 9.400553758138569e+09 -7.055748696679269e+01 8.342566839850177e-02 9.973153437325269e+00
0.75 4 0.817000 111 14 12.423 -2.42350039920000000000 1 73.0548376550 1.5 2 NaN 1.448556256278469e-135 1.430305373367239e-09 6.232436276575472e+08 -1.348390646338279e+02 -8.844571229800838e+00 8.794657846762956e+00
0.75 6 0.855000 111 13 6.5255 -10.22391895840000000000 4 73.0547535795 1.5 4 NaN 1.448556256278469e-135 1.430305373367239e-09 6.232436276575472e+08 -1.348390646338279e+02 -8.844571229800838e+00 8.794657846762956e+00
0.75 8 0.849000 111 14 6.8329 -11.32558532240000000000 5 73.0556841448 1.5 6 NaN 1.448556256278469e-135 1.430305373367239e-09 6.232436276575472e+08 -1.348390646338279e+02 -8.844571229800838e+00 8.794657846762956e+00
0.75 10 0.851000 111 15 6.8474 -11.32667225390000000000 5 73.0587433112 1.5 6 NaN 1.448556256278469e-135 1.430305373367239e-09 6.232436276575472e+08 -1.348390646338279e+02 -8.844571229800838e+00 8.794657846762956e+00
0.75 12 0.905000 111 15 6.8347 -13.51815085320000000000 7 73.0635879149 1.5 6 NaN 1.448556256278469e-135 1.430305373367239e-09 6.232436276575472e+08 -1.348390646338279e+02 -8.844571229800838e+00 8.794657846762956e+00
0.75 14 1.074000 111 15 8.2456 -29.94564827100000000000 4 73.0530303503 1.074000 14 8.2456 5.184801791656161e-94 8.448691178248913e-04 3.601450538253891e+09 -9.328526784148040e+01 -3.073210564197018e+00 9.556477454622661e+00
0.75 16 1.073000 111 15 8.2428 -34.33255928800000000000 4 73.0527456994 1.073000 16 8.2428 6.490472026006904e-94 8.716401580892431e-04 3.616310926359054e+09 -9.318772371755470e+01 -3.059662769207334e+00 9.558265763561298e+00
0.75 18 1.073000 111 15 8.2428 -38.72018641140001 4 73.0527456994 1.073000 16 8.2428 6.490472026006904e-94 8.716401580892431e-04 3.616310926359054e+09 -9.318772371755470e+01 -3.059662769207334e+00 9.558265763561298e+00
0.75 20 1.074000 111 15 8.2456 -43.10738207930001 4 73.0530303503 1.074000 14 8.2456 5.184801791656161e-94 8.448691178248913e-04 3.601450538253891e+09 -9.328526784148040e+01 -3.073210564197018e+00 9.556477454622661e+00
0.75 22 0.905000 111 15 6.8347 -59.54543706170000 7 73.0635879149 1.5 6 NaN 1.448556256278469e-135 1.430305373367239e-09 6.232436276575472e+08 -1.348390646338279e+02 -8.844571229800838e+00 8.794657846762956e+00
0.75 24 0.851000 111 15 6.8474 -61.73207105730000 5 73.0587433112 1.5 6 NaN 1.448556256278469e-135 1.430305373367239e-09 6.232436276575472e+08 -1.348390646338279e+02 -8.844571229800838e+00 8.794657846762956e+00
0.75 26 0.849000 111 14 6.8329 -61.73009882240000 5 73.0556841448 1.5 6 NaN 1.448556256278469e-135 1.430305373367239e-09 6.232436276575472e+08 -1.348390646338279e+02 -8.844571229800838e+00 8.794657846762956e+00
0.75 28 0.855000 111 13 6.5255 -62.83083462110000 4 73.0547535795 1.5 4 NaN 1.448556256278469e-135 1.430305373367239e-09 6.232436276575472e+08 -1.348390646338279e+02 -8.844571229800838e+00 8.794657846762956e+00
0.75 30 0.817000 111 14 12.423 -70.63133725579999 1 73.0548376550 1.5 2 NaN 1.448556256278469e-135 1.430305373367239e-09 6.232436276575472e+08 -1.348390646338279e+02 -8.844571229800838e+00 8.794657846762956e+00
0.75 32 0.841000 111 14 12.422 -70.63133533660000 1 73.0550034087 0.841000 2 12.422 2.770212172174362e-71 1.211785268114197e+00 9.400553758138569e+09 -7.055748696679269e+01 8.342566839850177e-02 9.973153437325269e+00
0.75 34 0.842000 111 14 12.422 -70.63195315790000 1 73.0553227517 0.842000 2 12.422 2.212936281984750e-71 1.174567212127037e+00 9.361924370319304e+09 -7.065503109071838e+01 6.987787340882200e-02 9.971365128386632e+00
 
0.85 0 0.791000 111 15 11.957 -2.45202397790000000000 1 73.0554423345 0.791000 2 11.957 2.087945841640416e-66 5.765213804842753e+00 1.154965161338801e+10 -6.568028077050778e+01 7.608154178825175e-01 1.006256888425716e+01
0.85 2 0.795000 111 14 11.957 -2.45240848500000000000 1 73.0551355374 0.795000 2 11.957 8.502423513769319e-67 5.088903762754216e+00 1.136097615972749e+10 -6.607045726621057e+01 7.066242379237968e-01 1.005541564850261e+01
0.85 4 0.884000 111 14 6.5171 -10.24393168680000000000 4 73.0547782950 0.884000 4 6.5171 1.770580612212486e-75 3.168622369308350e-01 7.875101372432903e+09 -7.475188429559772e+01 -4.991295161577522e-01 9.896256152963844e+00
0.85 6 0.879000 111 14 6.5172 -10.24391106310000000000 4 73.0546404775 1.5 4 NaN 1.448556256278469e-135 1.430305373367239e-09 6.232436276575472e+08 -1.348390646338279e+02 -8.844571229800838e+00 8.794657846762956e+00
0.85 8 0.879000 111 14 6.5173 -10.24404424600000000000 4 73.0545329048 1.5 4 NaN 1.448556256278469e-135 1.430305373367239e-09 6.232436276575472e+08 -1.348390646338279e+02 -8.844571229800838e+00 8.794657846762956e+00
0.85 10 0.878000 111 15 6.5234 -10.24499271830000000000 4 73.0589795398 1.5 4 NaN 1.448556256278469e-135 1.430305373367239e-09 6.232436276575472e+08 -1.348390646338279e+02 -8.844571229800838e+00 8.794657846762956e+00
0.85 12 1.099000 111 15 7.9621 -25.56576756410000000000 4 73.0532320779 1.099000 12 7.9621 1.888552491580311e-96 3.873419736024102e-04 3.249149773644931e+09 -9.572387093962287e+01 -3.411905438939025e+00 9.511769731156715e+00
0.85 14 1.103000 111 15 8.1083 -29.95002122720000000000 4 73.0527873857 1.103000 14 8.1083 7.690464374681313e-97 3.419033697036877e-04 3.196071565914163e+09 -9.611404743532567e+01 -3.466096618897744e+00 9.504616495402164e+00
0.85 16 1.101000 111 15 8.0716 -34.33428368320000000000 4 73.0525574428 1.101000 16 8.0716 1.205149188117936e-96 3.639141739508656e-04 3.222501389440041e+09 -9.591895918747429e+01 -3.439001028918385e+00 9.508193113279440e+00
0.85 18 1.101000 111 15 8.0716 -38.71827375960000 4 73.0525574428 1.101000 16 8.0716 1.205149188117936e-96 3.639141739508656e-04 3.222501389440041e+09 -9.591895918747429e+01 -3.439001028918385e+00 9.508193113279440e+00
0.85 20 1.103000 111 15 8.1083 -43.10276615850000 4 73.0527873857 1.103000 14 8.1083 7.690464374681313e-97 3.419033697036877e-04 3.196071565914163e+09 -9.611404743532567e+01 -3.466096618897744e+00 9.504616495402164e+00
0.85 22 1.099000 111 15 7.9621 -47.48746451380001 4 73.0532320779 1.099000 12 7.9621 1.888552491580311e-96 3.873419736024102e-04 3.249149773644931e+09 -9.572387093962287e+01 -3.411905438939025e+00 9.511769731156715e+00
0.85 24 0.878000 111 15 6.5234 -62.81398682150001 4 73.0589795398 1.5 4 NaN 1.448556256278469e-135 1.430305373367239e-09 6.232436276575472e+08 -1.348390646338279e+02 -8.844571229800838e+00 8.794657846762956e+00
0.85 26 0.879000 111 14 6.5173 -62.81048865880000 4 73.0545329048 1.5 4 NaN 1.448556256278469e-135 1.430305373367239e-09 6.232436276575472e+08 -1.348390646338279e+02 -8.844571229800838e+00 8.794657846762956e+00
0.85 28 0.879000 111 14 6.5172 -62.81072941440000 4 73.0546404775 1.5 4 NaN 1.448556256278469e-135 1.430305373367239e-09 6.232436276575472e+08 -1.348390646338279e+02 -8.844571229800838e+00 8.794657846762956e+00
0.85 30 0.884000 111 14 6.5171 -62.81084660820001 4 73.0547782950 0.884000 4 6.5171 1.770580612212486e-75 3.168622369308350e-01 7.875101372432903e+09 -7.475188429559772e+01 -4.991295161577522e-01 9.896256152963844e+00
0.85 32 0.795000 111 14 11.957 -70.60272705240001 1 73.0551355374 0.795000 2 11.957 8.502423513769319e-67 5.088903762754216e+00 1.136097615972749e+10 -6.607045726621057e+01 7.066242379237968e-01 1.005541564850261e+01
0.85 34 0.791000 111 15 11.957 -70.60341835660000 1 73.0554423345 0.791000 2 11.957 2.087945841640416e-66 5.765213804842753e+00 1.154965161338801e+10 -6.568028077050778e+01 7.608154178825175e-01 1.006256888425716e+01
